0.971192 1.0
0.974014 1.0
0.973929 1.0
0.969898 1.0
0.961612 1.0
0.959323 1.0
0.975626 1.0
0.989219 1.0
1.0 0.998563
0.989219 1.0
0.975626 1.0
0.959323 1.0
0.961612 1.0
0.969898 1.0
0.973929 1.0
0.974014 1.0
0.971192 1.0
0.971192 1.0
0.971192 1.0
0.971192 1.0
0.971192 1.0
0.971192 1.0
0.971192 1.0
0.971192 1.0
0.971192 1.0
0.971192 1.0
0.971192 1.0
1.0 1.0
1.0 1.0
1.0 1.0
1.0 1.0
1.0 1.0
1.0 1.0
1.0 1.0
1.0 1.0
1.0 1.0
0.971192 1.0
0.971192 1.0
0.971192 1.0
0.971192 1.0
0.971192 1.0
0.971192 1.0
0.971192 1.0
0.971192 1.0
0.971192 1.0
0.971192 1.0
0.971192 1.0
0.971192 1.0
1.0 1.0
1.0 1.0
1.0 1.0
1.0 1.0
1.0 1.0
1.0 1.0
1.0 1.0
1.0 1.0
1.0 1.0
1.0 1.0
1.0 1.0
1.0 1.0
1.0 1.0
1.0 1.0
1.0 1.0
1.0 1.0
1.0 1.0
1.0 1.0
