1.0036 1.0
1.00476 1.0
1.01169 1.0
1.00528 0.969074
0.994456 0.961992
0.988447 0.957074
0.970889 0.95131
0.948099 0.952269
1.0 0.953607
0.948099 0.952269
0.970889 0.95131
0.988447 0.957074
0.994456 0.961992
1.00528 0.969074
1.01169 1.0
1.00476 1.0
1.0036 1.0
1.0 1.0
1.0 1.0
1.0 1.0
1.0 1.0
1.0 1.0
1.0 1.0
1.0 1.0
1.0 1.0
1.0 1.0
1.0 1.0
1.0 0.960423
1.0 0.970918
1.0 1.00656
1.0 1.0
0.988515 0.928785
0.976389 0.903549
0.988515 0.915591
0.93509 0.910826
0.957696 0.929477
1.0 1.0
1.0 1.0
1.0 1.0
1.0 1.0
1.0 1.0
1.0 1.0
1.0 1.0
1.0 1.0
1.0 1.0
1.0 1.0
1.0 1.0
1.0 1.0
0.987847 0.956282
0.978564 0.952195
1.00244 0.948147
1.0 0.949689
0.881014 0.951209
0.948819 0.955728
0.984178 0.959327
0.965784 0.952804
0.943329 0.950053
1.22999 0.945553
0.900149 0.948428
0.951626 0.952546
0.975712 0.953022
0.866532 0.952481
0.901049 0.953292
0.925585 0.946022
1.08975 0.942722
0.917739 0.946793
