0.999514 1.0
1.00298 1.0
1.00659 1.0
1.00758 1.0
1.00391 0.979351
0.996401 0.974119
0.982552 0.964529
0.975135 0.966783
1.0 0.968754
0.975135 0.966783
0.982552 0.964529
0.996401 0.974119
1.00391 0.979351
1.00758 1.0
1.00659 1.0
1.00298 1.0
0.999514 1.0
1.0 1.0
1.0 1.0
1.0 1.0
1.0 1.0
1.0 1.0
1.0 1.0
1.0 1.0
1.0 1.0
1.0 1.0
1.0 1.0
1.0 0.989804
1.0 0.993445
1.0 0.993487
1.0 1.01012
0.99225 1.04169
0.979691 1.0152
0.980305 1.00909
0.973103 1.01616
0.976522 1.05484
1.0 1.0
1.0 1.0
1.0 1.0
1.0 1.0
1.0 1.0
1.0 1.0
1.0 1.0
1.0 1.0
1.0 1.0
1.0 1.0
1.0 1.0
1.0 1.0
0.996957 1.00934
1.00555 1.01354
1.05514 1.01157
1.002484 1.01542
0.916647 1.01503
0.986757 1.01398
0.993075 1.01133
0.989817 1.01178
0.952553 1.00082
0.959835 0.997303
0.992569 0.999286
1.00754 1.00227
1.03199 1.0109
1.07256 1.01339
0.927838 1.01581
0.945041 0.995701
0.89317 0.991834
0.984817 0.993265
